Находим значения производной m_i в точках x_i


Коэффициенты a, b, c, d для метода прогонки 
a = [None, 1.4, 0.6666666666666667, 0.5, 0.5, 0.33333333333333337]
b = [2, 2, 2, 2, 2, 2]
c = [-0.4, 0.3333333333333333, 0.5, 0.5, 0.6666666666666666, None]
d = [0, 2.000000000000001, -15.0, 3.0, 8.0, 0]


Значения коэффициентов m_i = [0.6952660308423949, 2.1849589086270194, -8.945118935008809, 2.867197195199209, 3.476330154211974, -0.579388359035329]


S_i(x) = 1 + -0.1918303234372697 * (x - 1) + 0.34763301542119746 * (x - 1) ** 2 + 0.1241410731487187 * (x - 1) ** 3


S_i(x) = 3 + 2.762533519625795 * (x - 3) + 1.0924794543135097 * (x - 3) ** 2 + -1.8550129739393046 * (x - 3) ** 3


S_i(x) = 5 + -0.49615988753026513 * (x - 4) + -4.4725594675044045 * (x - 4) ** 2 + 1.9687193550346695 * (x - 4) ** 3


S_i(x) = 2 + -3.535120757435065 * (x - 5) + 1.4335985975996044 * (x - 5) ** 2 + 0.10152215983546091 * (x - 5) ** 3


S_i(x) = 0 + -0.12442398312953981 * (x - 6) + 1.738165077105987 * (x - 6) ** 2 + -0.33797654277060857 * (x - 6) ** 3


X = 1.4258, Y = 0.9909301582127986